24170 0 1 300 314 332 347 366 389 411 435 452 471 485 507 528 552
53291 0 3 350 364 379 401 427 443 462 481 499
12412 1 2 375 389 409 429 446 475 499 514 534
54774 1 1 375 392 416 438 453 472 489 514 536 559 579 595 613 632
12414 0 1 400 414 432 448 468 491 513 538 555 574 589 611 635 657
25462 0 3 450 464 479 501 527 543 562 581 599
23523 1 2 475 489 509 529 546 575 599 614 634
57477 1 3 475 488 507 526 542 586 590 605 624
25627 0 2 500 515 530 554 583 600 620 640 659
25316 0 1 525 539 557 573 593 616 638 663 680 699 714 736 760 782
85886 1 3 550 563 582 601 617 643 665 680 699
12418 1 3 575 588 607 626 642 668 690 705 724
36436 0 2 600 615 630 654 683 700 720 740 759
25329 0 3 600 614 629 651 677 693 712 731 749
57478 1 1 650 667 691 713 728 747 764 789 811 834 854 870 888 907
25325 1 1 650 667 691 713 728 747 764 789 811 834 854 870 888 907
74754 1 2 700 714 734 754 771 800 824 839 859
14314 1 3 700 713 732 751 767 793 815 830 849
54743 0 2 750 765 780 804 833 850 870 890 909
12415 0 2 750 765 780 804 833 850 870 890 909
12463 0 2 750 765 780 804 833 850 870 890 909
31255 0 1 750 764 782 798 818 841 863 888 905 924 939 961 985 1007
14156 1 3 1200 1213 1232 1251 1267 1293 1315 1330 1349
26433 1 2 1250 1264 1284 1304 1321 1350 1374 1389 1409
12441 0 1 1300 1314 1332 1348 1368 1391 1413 1438 1455 1474 1489 1511 1535 1557
34632 0 1 1350 1364 1382 1398 1418 1441 1463 1488 1505 1524 1539 1561 1585 1607
36343 1 1 1400 1417 1441 1463 1478 1497 1514 1539 1561 1584 1604 1620 1638 1657
24155 1 1 1400 1417 1441 1463 1478 1497 1514 1539 1561 1584 1604 1620 1638 1657
