24170 0 1 300 310 324 336 352 371 389 410 423 438 450 468 488 506 
53291 0 3 350 362 375 395 419 433 450 467 483
12412 1 2 375 387 405 415 438 465 487 499 517
54774 1 1 375 388 408 426 438 453 466 487 505 524 540 552 566 581
12414 0 1 400 410 424 436 452 471 489 510 523 538 550 568 588 606
25462 0 3 450 462 475 495 519 533 550 567 583
23523 1 2 475 487 505 523 538 565 587 599 617
57477 1 3 475 486 503 520 534 558 578 591 608
25627 0 2 500 513 525 547 574 589 607 625 642
25316 0 1 525 535 549 561 577 596 614 635 648 663 675 693 713 731
85886 1 3 550 561 578 595 609 633 653 666 683
12418 1 3 575 586 603 620 634 658 678 691 708
36436 0 2 600 613 625 647 674 689 707 725 742
25329 0 3 600 612 625 645 669 683 700 717 733
57478 1 1 650 663 683 701 713 728 741 762 780 799 815 827 841 856
25325 1 1 650 663 683 701 713 728 741 762 780 799 815 827 841 856
74754 1 2 700 712 730 748 763 790 812 824 842
14314 1 3 700 711 728 745 759 783 803 816 833
54743 0 2 750 763 775 797 824 839 857 875 892
12415 0 2 750 763 775 797 824 839 857 875 892
12463 0 2 750 763 775 797 824 839 857 875 892
31255 0 1 750 760 774 786 802 821 839 860 873 888 900 918 938 956
14156 1 3 1200 1211 1228 1245 1259 1283 1303 1316 1333
26433 1 2 1250 1262 1280 1298 1313 1340 1362 1374 1392
12441 0 1 1300 1310 1324 1336 1352 1371 1389 1410 1423 1438 1450 1468 1488 1506
34632 0 1 1350 1360 1374 1386 1402 1421 1439 1460 1473 1488 1500 1518 1538 1556
36343 1 1 1400 1413 1433 1451 1463 1478 1491 1512 1530 1549 1565 1577 1591 1606
24155 1 1 1500 1513 1533 1551 1563 1578 1591 1612 1630 1649 1665 1677 1691 1706